diff_12=[]
diff12_2=[0 
5215 
2985 
2378 
1995 
1823 
1674 
1579 
1494 
1442 
1362 
1345 
1277 
1246 
1231 
1176 
1168 
1135 
1116 
1100 
1093 
1058 
1067 
-64502 
1021 
1025 
992 
996 
978 
969 
964 
963 
940 
953 
927 
923 
928 
903 
910 
895 
893 
889 
892 
872 
887 
865 
865 
870 
849 
857 
846 
844 
843 
847 
829 
849 
832 
827 
836 
815 
824 
813 
812 
812 
819 
802 
817 
800 
799 
808 
789 
800 
787 
788 
787 
792 
777 
792 
775 
775 
784 
766 
775 
768 
767 
769 
773 
760 
775 
759 
760 
769 
751 
761 
753 
754 
756 
760 
747 
763 
747 
748 
-64778 
739 
751 
743 
744 
745 
751 
737 
754 
739 
739 
750 
732 
743 
736 
737 
739 
745 
730 
748 
733 
734 
744 
727 
738 
731 
732 
734 
739 
727 
743 
729 
729 
740 
723 
734 
727 
729 
730 
735 
723 
740 
725 
726 
736 
720 
731 
723 
725 
727 
733 
720 
736 
723 
723 
733 
717 
728 
721 
723 
724 
730 
718 
735 
720 
720 
732 
715 
725 
720 
720 
722 
728 
717 
732 
718 
719 
730 
713 
724 
717 
719 
721 
726 
714 
731 
716 
718 
727 
-64824 
723 
715 
718 
719 
725 
713 
730 
715 
716 
726 
710 
722 
714 
716 
718 
724 
711 
728 
713 
715 
725 
709 
719 
713 
715 
717 
722 
710 
726 
713 
713 
724 
707 
718 
712 
714 
715 
720 
710 
725 
711 
713 
722 
706 
717 
712 
711 
715 
720 
708 
724 
710 
712 
721 
706 
716 
710 
711 
714 
719 
707 
723 
711 
710 
721 
705 
716 
710 
710 
713 
718 
708 
723 
709 
710 
720 
705 
715 
709 
711 
712 
718 
707 
723 
709 
709 
720 
705 
715 
709 
710 
-64824 
718 
706 
723 
709 
709 
720 
704 
714 
709 
710 
712 
718 
706 
722 
708 
710 
718 
705 
714 
708 
710 
711 
718 
705 
722 
708 
709 
719 
704 
714 
708 
708 
712 
718 
704 
722 
707 
709 
719 
702 
714 
708 
708 
712 
716 
705 
721 
707 
708 
719 
702 
713 
708 
709 
710 
716 
705 
720 
708 
707 
719 
702 
713 
707 
708 
710 
717 
704 
720 
707 
708 
718 
702 
713 
707 
708 
710 
716 
704 
720 
707 
708 
717 
702 
713 
707 
707 
710 
716 
704 
720 
-64829 
707 
717 
702 
713 
706 
708 
710 
716 
703 
720 
707 
707 
718 
701 
713 
706 
708 
709 
716 
704 
720 
705 
708 
717 
702 
712 
706 
707 
710 
716 
704 
719 
706 
708 
717 
702 
711 
706 
708 
710 
715 
703 
720 
705 
707 
718 
701 
712 
706 
707 
710 
715 
703 
720 
706 
707 
716 
702 
711 
706 
707 
710 
715 
702 
720 
706 
707 
716 
702 
711 
706 
707 
709 
715 
703 
719 
706 
706 
716 
702 
712 
705 
707 
708 
716 
703 
718 
706 
707 
716 
702 
711 
-64830 
707 
709 
715 
703 
719 
705 
707 
717 
701 
711 
706 
706 
709 
715 
703 
719 
705 
707 
716 
701 
711 
705 
708 
709 
714 
703 
718 
706 
707 
716 
701 
711 
706 
706 
709 
715 
703 
718 
705 
707 
716 
701 
711 
706 
706 
708 
715 
702 
719 
705 
706 
716 
700 
712 
705 
706 
709 
714 
702 
719 
705 
706 
715 
701 
711 
704 
706 
709 
714 
703 
718 
705 
705 
716 
700 
711 
705 
706 
708 
715 
702 
718 
705 
706 
716 
700 
711 
704 
706 
709 
714 
-64834 
718 
705 
705 
716 
700 
711 
705 
706 
707 
715 
702 
718 
705 
705 
716 
700 
710 
705 
706 
708 
714 
702 
719 
704 
706 
715 
700 
711 
704 
706 
708 
714 
702 
718 
705 
705 
715 
700 
711 
703 
707 
708 
713 
703 
718 
704 
705 
716 
700 
710 
704 
706 
708 
714 
702 
717 
705 
705 
716 
700 
710 
704 
705 
709 
713 
702 
718 
704 
705 
716 
700 
710 
705 
705 
708 
713 
702 
717 
705 
705 
715 
700 
710 
704 
706 
708 
713 
702 
717 
704 
706 
715 
-64836 
710 
704 
705 
708 
714 
701 
719 
703 
705 
715 
700 
710 
705 
705 
708 
713 
702 
718 
704 
705 
715 
699 
710 
705 
705 
707 
714 
701 
718 
704 
705 
715 
700 
710 
704 
705 
708 
713 
702 
718 
704 
705 
715 
700 
710 
704 
705 
708 
713 
703 
717 
704 
706 
715 
699 
710 
705 
706 
707 
714 
702 
718 
704 
705 
716 
699 
711 
704 
705 
709 
713 
702 
717 
704 
706 
715 
700 
710 
704 
706 
708 
713 
701 
718 
704 
705 
715 
700 
710 
704 
705 
-64829 
714 
702 
717 
704 
705 
715 
700 
710 
704 
705 
708 
713 
702 
717 
705 
705 
715 
700 
710 
705 
704 
708 
714 
701 
718 
704 
705 
716 
699 
710 
705 
705 
708 
713 
702 
717 
704 
705 
715 
700 
709 
705 
705 
707 
714 
701 
718 
704 
705 
715 
699 
710 
704 
705 
708 
713 
701 
717 
704 
705 
715 
699 
710 
704 
705 
707 
714 
701 
717 
704 
704 
715 
699 
710 
704 
705 
707 
713 
701 
717 
704 
704 
716 
699 
709 
703 
706 
706 
714 
701 
717 
703 
-64831 
715 
699 
709 
704 
705 
706 
713 
701 
718 
703 
705 
715 
699 
709 
704 
705 
707 
713 
701 
717 
703 
705 
715 
699 
709 
704 
705 
707 
713 
701 
716 
704 
704 
715 
698 
711 
703 
704 
707 
713 
701 
717 
703 
704 
714 
700 
709 
703 
705 
707 
712 
701 
717 
703 
704 
715 
698 
710 
703 
705 
707 
712 
701 
716 
703 
705 
714 
698 
710 
703 
704 
707 
712 
701 
716 
704 
703 
715 
698 
709 
703 
705 
707 
712 
701 
716 
703 
704 
714 
699 
708 
704 
-64832 
706 
713 
700 
717 
703 
703 
714 
699 
709 
703 
704 
707 
712 
700 
716 
704 
703 
714 
698 
710 
702 
705 
706 
712 
700 
717 
702 
704 
714 
698 
709 
703 
704 
706 
713 
700 
716 
703 
704 
713 
699 
709 
703 
704 
706 
712 
701 
716 
703 
703 
714 
699 
709 
703 
704 
705 
713 
700 
717 
703 
703 
714 
698 
709 
703 
704 
706 
713 
699 
717 
702 
704 
714 
698 
709 
703 
704 
706 
712 
700 
716 
703 
703 
714 
698 
709 
702 
704 
706 
712 
700 
-64820 
703 
703 
714 
698 
708 
703 
704 
706 
712 
700 
715 
703 
704 
713 
698 
708 
703 
703 
706 
712 
700 
716 
702 
703 
714 
698 
709 
702 
704 
706 
711 
700 
716 
702 
704 
713 
698 
708 
703 
703 
706 
712 
700 
716 
702 
703 
714 
697 
708 
703 
704 
706 
712 
699 
716 
702 
703 
714 
697 
708 
703 
704 
706 
712 
699 
716 
702 
703 
714 
697 
708 
703 
704 
705 
712 
700 
715 
703 
703 
713 
697 
709 
702 
704 
706 
711 
700 
715 
703 
702 
713 
698 
-64828 
703 
703 
706 
711 
700 
716 
702 
703 
713 
698 
708 
702 
704 
706 
711 
700 
715 
702 
703 
714 
697 
708 
703 
703 
706 
711 
700 
715 
702 
703 
714 
697 
708 
703 
703 
705 
712 
700 
715 
702 
704 
713 
697 
708 
702 
703 
706 
712 
700 
715 
702 
703 
713 
697 
709 
702 
703 
706 
711 
700 
715 
702 
703 
713 
697 
709 
702 
703 
706 
711 
700 
715 
703 
702 
713 
698 
708 
702 
703 
706 
711 
700 
715 
702 
703 
713 
697 
708 
702 
703 
706 
711 
-64836 
715 
702 
703 
713 
697 
708 
702 
703 
706 
711 
699 
716 
701 
703 
713 
698 
707 
702 
703 
706 
711 
699 
715 
702 
703 
713 
697 
708 
702 
702 
706 
711 
699 
715 
702 
703 
712 
698 
708 
702 
703 
705 
711 
699 
716 
701 
702 
713 
698 
707 
702 
703 
706 
711 
699 
715 
702 
702 
713 
697 
708 
702 
703 
705 
712 
699 
715 
702 
703 
712 
697 
708 
702 
703 
705 
711 
700 
715 
702 
703 
712 
698 
708 
702 
703 
705 
712 
698 
716 
702 
703 
712 
-64839 
708 
702 
704 
705 
711 
699 
716 
702 
703 
712 
698 
708 
701 
703 
707 
710 
700 
715 
702 
703 
713 
697 
708 
702 
703 
706 
711 
699 
716 
701 
703 
713 
697 
709 
701 
704 
705 
712 
699 
715 
702 
702 
714 
697 
708 
702 
703 
705 
711 
700 
715 
702 
703 
713 
697 
708 
702 
703 
706 
711 
699 
715 
702 
702 
713 
697 
708 
702 
704 
705 
710 
700 
715 
702 
702 
713 
697 
708 
703 
703 
705 
711 
699 
716 
701 
703 
713 
697 
708 
702 
703 
706 
-64825 
700 
715 
701 
704 
713 
696 
708 
703 
702 
706 
712 
699 
715 
702 
703 
712 
698 
707 
703 
703 
705 
711 
699 
716 
701 
703 
713 
697 
708 
702 
703 
705 
712 
699 
715 
702 
703 
713 
697 
708 
702 
703 
705 
711 
699 
716 
701 
703 
713 
697 
707 
703 
702 
706 
711 
699 
715 
702 
703 
713 
697 
708 
702 
702 
705 
712 
699 
715 
701 
703 
713 
697 
708 
702 
703 
705 
711 
699 
715 
701 
703 
712 
698 
707 
702 
702 
705 
711 
699 
715 
701 
702 
-64823 
697 
707 
702 
702 
705 
711 
698 
715 
701 
703 
712 
696 
708 
701 
702 
705 
711 
699 
715 
700 
702 
713 
697 
707 
702 
702 
705 
710 
700 
714 
701 
702 
712 
697 
707 
702 
703 
704 
711 
699 
714 
701 
702 
712 
697 
708 
701 
703 
704 
711 
699 
715 
701 
702 
713 
696 
708 
702 
702 
704 
711 
698 
715 
701 
703 
712 
697 
707 
702 
702 
705 
710 
699 
714 
702 
702 
712 
696 
708 
701 
703 
705 
710 
699 
714 
702 
702 
712 
697 
707 
701 
702 
